83,8
34,2
18,1
49,7
64,6
64,1
49,7
44,2
72,2
49,2
89,0
9,8
60,6
25,4
64,0
40,2
96,1
71,2
98,1
87,4
40,1
19,1
75,1
38,8
24,5
20,1
6,8
13,4
98,6
41,6
8,9
23,7
1,0
49,6
34,0
67,2
97,1
11,2
21,7
1,4
68,1
60,0
34,6
31,0
39,1
33,3
99,7
20,7
98,2
41,6
44,6
59,5
23,6
9,3
32,2
19,1
32,8
19,8
23,0
78,4
53,1
94,3
62,1
64,4
24,8
38,0
59,0
91,8
57,8
50,3
47,7
17,9
95,2
35,4
17,4
0,3
20,6
49,1
58,8
57,5
76,4
24,8
92,2
86,5
78,9
48,5
15,2
10,5
57,5
40,8
30,5
8,6
49,6
98,7
14,3
98,2
79,1
69,2
11,6
75,3
83,7
80,4
64,6
45,7
25,2
58,1
28,8
32,4
55,3
15,3
11,6
87,0
17,2
47,9
42,2
29,8
34,9
81,2
4,2
2,2
2,9
78,9
74,9
14,3
95,9
54,4
7,9
89,4
60,0
97,8
66,1
55,8
82,5
20,2
18,3
57,5
51,4
21,4
57,5
86,6
37,7
12,8
49,1
33,4
54,1
94,4
32,3
56,9
15,5
48,2
83,7
28,4
52,1
69,3
70,1
5,5
39,0
49,6
53,0
74,1
82,4
76,1
51,1
45,7
9,5
66,5
96,5
50,2
0,7
35,6
31,4
1,3
56,2
84,3
67,6
58,8
0,9
44,4
87,7
48,9
21,5
78,5
34,1
91,0
20,0
18,2
29,5
47,4
67,4
73,5
39,3
60,7
37,4
33,9
24,5
33,6
32,3
4,0
70,5
12,2
61,2
32,1
45,5
77,7
27,1
49,1
27,6
18,2
2,4
48,1
40,4
57,5
90,7
10,2
57,9
86,6
16,4
7,8
70,8
80,5
84,6
65,6
30,1
43,5
81,6
93,8
16,9
88,1
2,8
9,4
67,5
17,4
90,1
65,9
6,7
7,4
31,8
8,3
31,3
45,8
2,7
68,7
35,6
0,4
80,7
14,9
88,0
47,7
44,3
12,8
6,2
39,4
54,8
91,0
85,8
78,1
16,7
9,5
41,1
0,9
24,0
70,3
0,9
32,4
79,2
88,2
80,8
84,8
48,4
4,9
24,4
78,2
55,5
96,7
94,7
2,7
18,5
65,5
78,2
74,4
80,6
85,8
62,9
3,4
97,7
17,7
94,5
45,3
0,1
0,6
18,4
82,1
51,2
39,9
8,5
62,2
30,8
92,4
28,1
62,3
87,3
86,8
5,6
67,0
86,1
77,6
41,9
39,0
6,8
71,9
94,4
18,4
68,2
18,6
10,1
31,8
98,2
29,1
34,2
74,4
50,2
65,4
25,2
85,4
68,7
15,2
70,2
93,1
21,9
51,2
60,5
98,0
8,3
91,4
68,1
6,0
66,2
83,7
67,7
52,9
14,4
27,8
94,4
82,3
76,6
22,0
56,2
80,2
61,0
61,0
98,2
43,6
32,5
97,1
6,2
53,6
55,4
53,0
45,3
68,5
82,7
35,8
85,0
96,3
90,1
50,7
3,9
24,7
71,6
47,2
45,6
32,5
55,9
0,0
8,6
3,8
36,4
59,3
82,6
35,8
28,2
92,2
97,0
86,6
64,7
42,7
4,8
5,5
2,0
26,7
41,9
56,7
59,2
24,6
57,3
52,6
33,1
46,4
54,9
12,6
83,3
74,5
81,8
91,3
19,6
23,7
31,5
92,8
29,5
60,2
27,4
83,5
39,7
50,3
68,3
39,5
32,0
84,5
92,4
26,9
46,4
71,6
15,7
79,9
4,3
25,8
91,7
84,8
88,1
53,6
85,7
18,3
93,4
7,7
23,9
1,3
10,8
98,0
21,5
17,7
0,7
5,8
28,5
33,7
36,9
64,9
78,4
27,8
38,3
36,9
35,5
39,5
53,3
88,2
37,9
77,9
84,3
95,7
46,3
77,0
50,1
77,0
43,6
3,3
70,3
78,1
82,3
19,1
15,2
14,1
98,9
41,8
31,2
70,0
35,8
4,1
93,0
17,1
48,5
40,0
49,9
48,3
29,1
23,6
32,8
74,1
6,7
97,4
13,4
49,8
97,5
51,3
53,4
67,7
24,0
51,8
91,5
55,1
55,4
10,7
69,2
43,9
94,9
12,0
62,7
99,7
2,5
65,5
23,8
9,5
83,4
4,8
45,6
44,0
52,1
58,0
57,9
15,6
35,9
19,4
76,2
66,9
13,4
44,5
23,3
55,3
69,7
85,4
3,0
88,5
50,4
89,4
55,3
26,6
69,1
72,6
1,2
48,5
88,4
48,1
88,6
56,4
0,0
57,2
40,8
27,5
65,1
73,0
53,7
7,0
91,1
25,9
70,8
64,8
23,1
82,3
69,5
66,5
52,7
60,6
75,7
91,2
52,6
51,9
43,6
61,5
22,6
27,8
55,3
62,8
22,7
88,6
96,7
71,0
29,6
61,4
57,5
67,9
5,9
60,9
95,1
12,5
51,0
63,5
50,0
70,7
72,4
53,9
39,2
66,9
68,4
42,5
64,8
22,3
7,8
50,1
50,3
29,7
64,5
14,6
26,6
23,7
35,2
25,2
59,7
2,1
54,7
7,4
26,2
74,6
72,4
58,9
37,4
24,1
79,9
41,5
5,7
93,3
77,6
15,7
34,0
70,2
83,0
4,4
20,5
89,6
26,8
94,7
86,6
47,5
74,5
31,4
74,2
88,1
63,1
91,4
21,0
13,9
42,3
84,9
71,1
71,7
69,7
66,0
70,0
90,2
32,9
87,2
15,9
57,3
17,8
16,0
53,1
35,6
26,7
15,7
14,1
42,3
27,3
70,7
87,5
30,5
48,6
41,0
97,8
73,3
79,7
45,9
4,3
81,3
29,5
16,2
88,9
31,1
68,6
5,3
23,8
1,6
92,0
8,4
27,6
50,4
92,1
72,4
69,3
1,4
75,9
56,6
25,7
97,9
31,1
81,7
37,0
96,2
47,0
12,2
71,5
15,5
56,3
96,2
19,4
74,1
13,5
9,5
63,4
98,8
81,5
64,6
83,6
30,3
78,3
67,3
44,2
78,2
60,6
36,9
90,4
30,1
65,9
38,2
75,4
78,3
51,9
91,1
85,3
84,1
25,5
10,0
40,8
36,3
37,7
47,0
78,5
87,4
94,2
62,7
56,8
80,2
45,9
29,8
77,6
28,5
18,2
15,4
72,3
33,7
27,1
47,5
3,8
95,2
53,7
40,8
8,6
89,4
25,8
83,8
27,1
12,7
67,7
42,2
17,4
68,7
65,7
39,3
49,0
99,1
27,0
11,3
42,2
25,7
12,4
16,9
45,5
0,2
5,0
23,1
34,4
37,6
14,6
69,8
3,4
7,8
36,5
37,6
35,6
77,8
73,1
31,4
96,0
95,4
95,6
39,1
54,9
44,9
98,0
89,3
83,2
48,3
66,4
12,6
57,4
98,4
99,1
88,4
91,2
39,5
21,6
54,2
14,4
25,7
42,7
13,8
99,5
8,9
90,6
89,8
64,8
4,2
0,2
49,7
92,8
46,6
3,5
33,8
94,2
19,8
77,1
83,4
39,7
44,7
38,3
63,0
25,7
48,8
73,4
95,1
31,6
83,8
61,5
2,2
30,2
37,7
46,8
89,6
62,6
68,7
37,9
57,3
46,2
80,8
19,6
83,2
38,9
10,3
40,0
83,2
43,8
92,3
37,6
56,9
31,4
53,3
17,1
35,6
93,9
60,4
82,7
96,2
57,8
68,2
94,2
22,4
65,8
4,2
86,2
32,1
67,6
77,8
23,1
50,2
9,7
76,4
8,7
38,2
29,0
64,6
43,7
8,3
46,7
79,4
4,1
39,1
48,5
59,2
75,7
15,2
40,8
26,9
20,4
88,4
53,2
19,4
51,0
51,8
9,1
66,5
20,3
26,4
53,7
31,2
96,5
22,5
56,0
76,1
36,8
65,2
59,9
70,2
11,8
11,5
38,7
18,9
19,7
41,4
88,8
57,0
5,2
69,5
30,0
17,8
15,0
33,8
11,6
49,6
1,4
8,2
5,9
87,0
72,0
97,6
81,9
68,8
76,5
45,2
5,4
43,4
48,3
86,5
28,8
57,8
63,7
87,9
79,3
12,2
62,6
67,9
51,6
97,3
55,2
53,3
28,9
36,9
17,4
1,4
92,5
36,1
46,7
71,1
84,1
62,7
1,8
80,3
59,0
93,2
51,9
85,7
61,4
64,5
0,9
58,7
36,1
51,9
32,2
85,6
47,9
61,1
11,4
31,5
6,8
97,9
30,1
76,4
74,4
35,0
71,5
2,5
70,7
87,1
3,4
71,5
